14.16904481838543
13.973629793931687
14.017240264317744
13.879005208109552
13.945603829397617
13.860333572347763
13.911937619986844
14.04745695079648
14.05869468084607
13.835727191891344
14.053172618295903
13.910321590689474
14.2556213809208
13.989104508870476
14.022463499905745
14.063800489091394
14.011926342785307
14.025153767992322
14.118994812112486
13.9990982629595
13.956034949111267
14.033073145292015
13.997619863558633
14.22425947990941
13.934213465193949
14.097287600776891
14.151222630366984
13.917499527691891
14.036303204994933
13.922277492074507
13.964583109123076
13.95212943312908
13.992692803882491
14.146542938586759
14.14674453457568
14.035738144335093
13.88452880448345
14.116695074532918
14.105026032976733
14.06677398728062
13.928503276605058
13.99714398351293
13.853073288521971
13.954402193388423
14.152394985989142
14.037065691931083
14.013800412743574
14.027447342551337
13.985746152569693
13.929423084803345
13.994690233317778
14.081386030787957
13.939507191304926
13.937694929953317
14.03729267931631
13.938497907682386
14.105517437519186
13.91884961061837
14.089396613979567
14.222448672223063
13.969773668893307
13.888263641514076
13.999863440687356
14.062120083937794
14.04795656880484
14.050854467914949
13.866753808771925
13.847415373924807
14.02922655186339
14.030704895625679
13.921251047276197
14.033228557183758
14.08015027389189
14.02097322774721
14.194429096649307
14.16212688142737
13.900883882178418
13.976169938801934
14.091533966907344
14.021031184674431
14.023037527811903
14.050488372718432
13.929238516430338
13.866067749485126
14.124757873404944
14.051612927731346
13.995477984460084
14.002009460495769
14.092690151813217
13.877790047545998
14.085131555097416
14.069560474351256
13.963364902445367
13.94200318051315
14.055153679067505
14.060058256919856
14.164104956293503
14.196322360352026
14.052147804828348
13.989325991629856
13.906459898793434
14.03008618173666
13.93472238456107
13.94510808058191
14.070701011181967
14.048607149557608
13.935051694502473
14.052339415714174
13.861694494155886
14.125039924832814
14.122977811210173
13.874782279684961
13.771384215810718
13.786114540553106
14.126832752642486
14.169261133385266
14.020329551267247
14.060435733942496
14.035520525639999
14.107175344896831
14.020981595801787
13.871091693345264
13.902497050287423
14.054964211739069
13.98587693618151
13.93453544165014
14.044354413207861
13.987415188989694
13.981747475606138
13.971452381353766
14.002767344651275
13.860261296912928
13.763757797358934
13.95048104625238
14.097537294851243
13.982629533048447
13.944753625704223
14.154051162320004
14.020426943491342
14.019880090649922
14.10346621192948
13.94251768283626
13.977228025322486
14.091858484336953
13.976300530701105
14.031716321474313
14.064019052664104
13.99253524409164
14.009047377711358
14.11101936915235
14.015566221054339
14.044410497429244
14.140110678657798
14.048713775342508
14.006627446018912
13.999538299421491
14.08249332640957
13.89887474545472
13.965810902526158
13.874421434426026
13.95741369395404
13.966526093026376
13.975350417036616
14.08430670197067
14.08824832178853
13.966887657959386
13.979570216933782
13.7622754444985
13.932943053831865
14.126710195613677
14.098079747166198
13.932792853180436
14.053622558258935
13.92389557646438
14.000888269359438
14.00400758779618
14.01442501079973
14.107663855912554
14.03105076547829
13.94748792736404
13.856275291320154
14.15687026461933
14.005371428633955
14.015921532841123
14.002065676125012
14.092608271375632
13.989482598742297
13.956816733920505
14.0052736653645
14.029961125361815
13.988188549344393
14.000485272780598
13.966312315954065
14.049050271664855
13.932015027590538
14.131448191477286
13.936861691488403
13.939156205923709
13.8642243788385
13.878011005372311
13.931211421137771
14.244259469118848
14.104600697143047
13.864666854404037
13.877218888324753
13.963627672403215
13.977693949510119
13.894318649831696
13.864165623371479
13.94731125316279
14.131468855147057
14.074680790053753
13.98921692758121
13.977040944260438
13.968431614454788
14.119838379142388
14.004361209591007
14.08786373447147
14.137684487466476
13.757670274484152
14.061944696926718
14.053899045327862
14.075236515002283
13.838957361976878
14.076226889574226
14.120069973719373
14.124518518137654
14.020665571386134
14.122230926632723
14.093120401308068
14.101061844227635
13.946836806899423
14.015436505995831
14.015455466529147
14.007710600605117
14.130935079716254
13.881639538320396
14.086787908208152
13.85104299620615
13.990262737233547
14.230215073566105
14.134407885045531
14.030833431853027
13.99536396650796
13.860597312931013
13.933388587429688
13.970714137169741
14.025891856587391
13.931397213411506
13.958016365517228
13.997721241131321
13.954788203427215
14.040076009568551
13.968980893461339
13.970644202535508
14.154866636445695
13.974760248908506
14.111624026054702
14.067582378043712
14.010284809296364
13.85266006243818
13.867113142215251
14.024964177904073
13.9710577164843
13.969826910524484
13.917129017520475
13.877159449399509
13.968810481900505
14.014060228755051
14.06246222629283
13.883654969364722
14.09091252905538
13.8624772254056
14.000262178325942
13.951593969328746
13.908507726906267
14.272584586608426
13.994252865177229
14.132526868257195
14.017172453318182
14.021372018978417
14.02709962281068
14.11385758616649
13.87493062161803
13.937273516727704
13.8241018131758
14.060432110916167
14.033651602563388
13.91305356983251
13.937772027012528
14.0975916584921
14.014173980525632
14.045555382242568
13.956891204704517
14.058801477720962
13.944135137762743
13.896715937222897
13.94589895407203
13.997638389378663
14.10412730266097