#  massa           elio
#
      4.2345      0.2512
      4.2811      0.2679
      4.3393      0.2519
      4.3800      0.2812
      4.4149      0.2693
      4.4789      0.2861
      4.5720      0.2575
      4.6127      0.2714
      4.7175      0.2533
      4.7175      0.2777
      4.7407      0.2658
      4.8396      0.2917
      4.9095      0.2624
      4.9618      0.2728
      5.1596      0.2896
      5.1596      0.2728
      5.2352      0.3015
      5.2875      0.2826
      5.3632      0.2658
      5.4330      0.3266
      5.5435      0.3189
      5.5785      0.3084
      5.6075      0.3999
      5.6483      0.4453
      5.8635      0.4041



