 1     27.9504  0.0272
 2     27.9472  0.0103
 3     27.9581  0.0136
 4     27.9399  0.0220
 5     27.8861  0.0182
 6     27.9012  0.0230
 7     27.9294  0.0150
 8     27.9249  0.0063
 9     27.8838  0.0349
10     27.8733  0.0128
11     27.9566  0.0226
12     27.9031  0.0135
13     27.9757  0.0276
14     27.9853  0.0567
15     27.9447  0.0530
16     27.9562  0.0544
17     27.9467  0.0085
18     27.9787  0.0351
19     27.9769  0.0305
20     27.9226  0.0309
21     27.9614  0.0016
22     27.8892  0.0411
23     27.9172  0.0212
24     27.8765  0.0676
25     27.9020  0.0317
26     27.9350  0.0134
27     27.9116  0.0161
28     27.9628  0.0299
29     27.9613  0.0402
30     27.9358  0.0259
31     27.9728  0.0445
32     27.8971  0.0444


































