        0.11       138.7    33.5
        0.36        89.5    31.4
        0.41       272.2    38.3
        0.44       353.1    42.9
        0.62       388.2    52.4
        0.81       339.0    39.5
        0.86       483.1    28.0
        0.83       609.6    31.4
        0.83       718.5    39.3
        1.00       771.2    30.9
        1.20       715.0    41.0
        1.36       665.8    33.8
        1.53       697.4    37.4
        1.55       792.3    36.7
        1.52       957.4    60.4
        1.94      1189.4    72.2
        1.99       848.5    61.3
        1.99       729.0    43.1
