      0.0170      1.0022
      0.0170      0.9876
      0.0240      0.9925
      0.0333      0.9990
      0.0333      1.0234
      0.0333      0.9860
      0.0449      1.0039
      0.0473      0.9957
      0.0519      1.0088
      0.0519      0.9990
      0.0589      0.9860
      0.0589      1.0104
      0.0589      1.0088
      0.0659      1.0039
      0.0682      0.9974
      0.0682      0.9941
      0.0729      1.0022
      0.0775      1.0055
      0.0775      1.0169
      0.0799      1.0055
      0.0915      1.0071
      0.0938      0.9974
      0.0938      0.9990
      0.0938      1.0071
      0.0938      0.9843
      0.1008      0.9908
      0.1031      0.9974
      0.1101      0.9990
      0.1124      1.0071
      0.1124      0.9941
      0.1217      1.0006
      0.1241      1.0022
      0.1287      0.9957
      0.1287      0.9827
      0.1357      0.9957
      0.1404      0.9990
      0.1450      0.9957
      0.1497      1.0039
      0.1590      1.0039
      0.1590      0.9974
      0.1590      1.0055
      0.1590      1.0153
      0.1636      1.0006
      0.1706      0.9908
      0.1706      0.9990
      0.1846      0.9860
      0.1846      0.9990
      0.1846      1.0071
      0.1916      1.0022
      0.1939      0.9908
      0.2055      1.0006
      0.2055      0.9876
      0.2055      0.9876
      0.2079      0.9957
      0.2148      0.9860
      0.2172      0.9941
      0.2172      1.0136
      0.2288      0.9957
      0.2288      0.9892
      0.2451      1.0022
      0.2451      0.9990
      0.2474      0.9892
      0.2474      1.0022
      0.2544      0.9827
      0.2614      0.9615
      0.2614      0.9811
      0.2614      0.9908
      0.2614      0.9762
      0.2637      0.9762
      0.2637      0.9680
      0.2800      0.9648
      0.2800      0.9452
      0.2800      0.9648
      0.2800      0.9908
      0.2823      0.9697
      0.2847      0.9713
      0.3009      0.9550
      0.3033      0.9550
      0.3172      0.9452
      0.3219      0.9469
      0.3219      0.9289
      0.3242      0.9403
      0.3289      0.9550
      0.3289      0.9485
      0.3405      0.9338
      0.3452      0.9240
      0.3452      0.9240
      0.3545      0.9322
      0.3545      0.9322
      0.3615      0.9322
      0.3638      0.9322
      0.3638      0.9420
      0.3824      0.9387
      0.3871      0.9355
      0.3917      0.9517
      0.3917      0.9355
      0.3987      0.9355
      0.4010      0.9257
      0.4080      0.9355
      0.4103      0.9420
      0.4127      0.9485
      0.4127      0.9257
      0.4150      0.9420
      0.4150      0.9420
      0.4289      0.9355
      0.4313      0.9387
      0.4313      0.9566
      0.4313      0.9289
      0.4336      0.9387
      0.4336      0.9192
      0.4336      0.9436
      0.4383      0.9192
      0.4406      0.9387
      0.4406      0.9452
      0.4522      0.9240
      0.4545      0.9387
      0.4592      0.9403
      0.4592      0.9403
      0.4662      0.9355
      0.4662      0.9550
      0.4801      0.9175
      0.4871      0.9387
      0.4871      0.9485
      0.4871      0.9403
      0.4917      0.9338
      0.4964      0.9387
      0.5011      0.9550
      0.5011      0.9322
      0.5057      0.9208
      0.5243      0.9338
      0.5243      0.9403
      0.5243      0.9403
      0.5267      0.9403
      0.5336      0.9208
      0.5336      0.9289
      0.5406      0.9289
      0.5453      0.9338
      0.5453      0.9420
      0.5569      0.9436
      0.5569      0.9175
      0.5616      0.9517
      0.5662      0.9387
      0.5709      0.9289
      0.5779      0.9550
      0.5872      0.9387
      0.5941      0.9208
      0.5988      0.9355
      0.5988      0.9355
      0.5988      0.9355
      0.6104      0.9387
      0.6104      0.9387
      0.6151      0.9322
      0.6151      0.9175
      0.6197      0.9387
      0.6221      0.9387
      0.6407      0.9469
      0.6500      0.9436
      0.6500      0.9322
      0.6593      0.9387
      0.6756      0.9387
      0.6756      0.9452
      0.6756      0.9469
      0.6779      0.9403
      0.6803      0.9387
      0.6872      0.9403
      0.6872      0.9485
      0.7082      0.9403
      0.7128      0.9534
      0.7152      0.9355
      0.7221      0.9469
      0.7338      0.9729
      0.7361      0.9599
      0.7617      0.9680
      0.7664      0.9697
      0.7757      0.9860
      0.7803      0.9941
      0.7827      0.9794
      0.7827      0.9713
      0.7920      0.9957
      0.7943      0.9941
      0.8083      0.9990
      0.8129      0.9990
      0.8152      1.0006
      0.8152      0.9957
      0.8152      0.9876
      0.8152      0.9860
      0.8222      0.9974
      0.8315      1.0120
      0.8362      0.9908
      0.8362      1.0202
      0.8385      0.9974
      0.8385      1.0055
      0.8385      0.9974
      0.8408      0.9974
      0.8525      1.0006
      0.8548      1.0039
      0.8571      1.0088
      0.8595      0.9925
      0.8595      1.0185
      0.8641      1.0006
      0.8664      0.9892
      0.8664      0.9843
      0.8711      1.0006
      0.8734      1.0006
      0.8734      1.0071
      0.8804      1.0022
      0.8851      0.9990
      0.8851      0.9990
      0.8851      1.0006
      0.8874      0.9908
      0.8874      1.0055
      0.8874      1.0169
      0.8897      1.0006
      0.8897      1.0055
      0.8944      1.0006
      0.9083      1.0088
      0.9083      1.0088
      0.9153      1.0039
      0.9153      1.0006
      0.9176      0.9860
      0.9176      1.0006
      0.9176      1.0153
      0.9293      0.9957
      0.9363      0.9957
      0.9386      0.9990
      0.9479      1.0022
      0.9525      0.9925
      0.9525      1.0169
      0.9525      1.0136
      0.9549      1.0071
      0.9549      1.0104
      0.9572      1.0055
      0.9595      1.0071
      0.9642      1.0006
      0.9665      0.9941
      0.9665      1.0006
      0.9688      1.0299
      0.9735      0.9876
      0.9758      1.0006
      0.9758      1.0006
